"Longitude","Latitude","Soil_pH","Soil_salinity","Soil_texture","Elevation","AnnualTemp","AnnualPrec"
1,0.05,0.03,0.25,0.22,-0.25,-0.2,-0.17
0.05,1,0.36,0.2,0.28,0.09,-0.22,-0.17
0.03,0.36,1,0.15,0.19,0.27,-0.21,-0.46
0.25,0.2,0.15,1,0.17,0.02,-0.25,-0.18
0.22,0.28,0.19,0.17,1,-0.04,-0.18,0.23
-0.25,0.09,0.27,0.02,-0.04,1,-0.22,0.01
-0.2,-0.22,-0.21,-0.25,-0.18,-0.22,1,0.05
-0.17,-0.17,-0.46,-0.18,0.23,0.01,0.05,1
