"Longitude","Latitude","Soil_pH","Soil_salinity","Soil_texture","Elevation","AnnualTemp","AnnualPrec"
1,0.11,0.16,0.29,0.27,-0.09,-0.22,-0.19
0.11,1,0.28,0.26,0.29,0.02,-0.23,-0.13
0.16,0.28,1,0.24,0.19,0.28,-0.3,-0.48
0.29,0.26,0.24,1,0.19,0.04,-0.31,-0.24
0.27,0.29,0.19,0.19,1,-0.1,-0.23,0.21
-0.09,0.02,0.28,0.04,-0.1,1,-0.21,-0.05
-0.22,-0.23,-0.3,-0.31,-0.23,-0.21,1,0.06
-0.19,-0.13,-0.48,-0.24,0.21,-0.05,0.06,1
