"Longitude","Latitude","Soil_pH","Soil_salinity","Soil_texture","Elevation","AnnualTemp","AnnualPrec"
1,0.06,0.03,0.25,0.22,-0.24,-0.2,-0.16
0.06,1,0.35,0.21,0.29,0.08,-0.22,-0.16
0.03,0.35,1,0.15,0.19,0.27,-0.21,-0.46
0.25,0.21,0.15,1,0.18,0,-0.25,-0.18
0.22,0.29,0.19,0.18,1,-0.05,-0.17,0.24
-0.24,0.08,0.27,0,-0.05,1,-0.21,0.01
-0.2,-0.22,-0.21,-0.25,-0.17,-0.21,1,0.06
-0.16,-0.16,-0.46,-0.18,0.24,0.01,0.06,1
