"","Longitude","Latitude","Soil_pH","Soil_salinity","Soil_texture","Elevation","AnnualTemp","AnnualPrec"
"Longitude",1,0.15,0.12,-0.23,-0.12,0.56,-0.33,-0.74
"Latitude",0.15,1,-0.17,0.08,-0.01,0.22,-0.31,0.22
"Soil_pH",0.12,-0.17,1,0.23,-0.28,-0.24,0.32,-0.3
"Soil_salinity",-0.23,0.08,0.23,1,-0.09,-0.22,0.17,0.15
"Soil_texture",-0.12,-0.01,-0.28,-0.09,1,-0.08,0.04,0.03
"Elevation",0.56,0.22,-0.24,-0.22,-0.08,1,-0.96,-0.14
"AnnualTemp",-0.33,-0.31,0.32,0.17,0.04,-0.96,1,-0.09
"AnnualPrec",-0.74,0.22,-0.3,0.15,0.03,-0.14,-0.09,1
