"","Longitude","Latitude","Soil_pH","Soil_salinity","Soil_texture","Elevation","AnnualTemp","AnnualPrec"
"Longitude",1,0.51,-0.26,-0.3,-0.08,-0.35,-0.53,-0.09
"Latitude",0.51,1,-0.57,-0.28,-0.23,-0.51,-0.85,0.29
"Soil_pH",-0.26,-0.57,1,0.48,0.38,0.07,0.65,-0.45
"Soil_salinity",-0.3,-0.28,0.48,1,0.3,0.13,0.27,-0.04
"Soil_texture",-0.08,-0.23,0.38,0.3,1,0.13,0.23,0.03
"Elevation",-0.35,-0.51,0.07,0.13,0.13,1,0.1,0.08
"AnnualTemp",-0.53,-0.85,0.65,0.27,0.23,0.1,1,-0.35
"AnnualPrec",-0.09,0.29,-0.45,-0.04,0.03,0.08,-0.35,1
