"","Longitude","Latitude","Soil_pH","Soil_salinity","Soil_texture","Elevation","AnnualTemp","AnnualPrec"
"Longitude",1,0.15,0.13,-0.27,-0.09,0.55,-0.38,-0.75
"Latitude",0.15,1,-0.18,0.08,-0.01,0.26,-0.31,0.22
"Soil_pH",0.13,-0.18,1,0.18,-0.2,-0.25,0.31,-0.31
"Soil_salinity",-0.27,0.08,0.18,1,-0.09,-0.22,0.19,0.22
"Soil_texture",-0.09,-0.01,-0.2,-0.09,1,-0.07,0.04,0.01
"Elevation",0.55,0.26,-0.25,-0.22,-0.07,1,-0.97,-0.15
"AnnualTemp",-0.38,-0.31,0.31,0.19,0.04,-0.97,1,-0.02
"AnnualPrec",-0.75,0.22,-0.31,0.22,0.01,-0.15,-0.02,1
