"Variables","VIF_raw","VIF","Longitude","Soil_pH","Soil_salinity","Soil_texture","Elevation","AnnualTemp","AnnualPrec"
"Longitude",2.62319942039211,1.77366141126493,1,-0.266781927790267,-0.174530600200837,-0.124376400055093,-0.36214406478411,-0.505287223241329,-0.179194197604544
"Latitude",36.6363788140916,NA,NA,NA,NA,NA,NA,NA,NA
"Soil_pH",2.23127338153911,2.21789636777906,-0.266781927790267,1,0.248401414722225,0.396430425358302,0.0744141296022483,0.645769795422767,-0.351303401110258
"Soil_salinity",1.10595341189022,1.08806099834226,-0.174530600200837,0.248401414722225,1,0.147109677286164,0.10296674228948,0.206359874999542,-0.00619740554424609
"Soil_texture",1.32519301726452,1.27007634535947,-0.124376400055093,0.396430425358302,0.147109677286164,1,0.128060358584451,0.246925847290101,0.0645725745208816
"Elevation",9.49058142701147,1.24063792770228,-0.36214406478411,0.0744141296022483,0.10296674228948,0.128060358584451,1,0.032463222858467,0.213733089404684
"AnnualTemp",35.9831951509379,2.3165843551126,-0.505287223241329,0.645769795422767,0.206359874999542,0.246925847290101,0.032463222858467,1,-0.235080316028215
"AnnualPrec",1.55778109694251,1.396002561883,-0.179194197604544,-0.351303401110258,-0.00619740554424609,0.0645725745208816,0.213733089404684,-0.235080316028215,1
